1, 539.872, 943.266, 850.246
2, 547.336, 948.95, 853.708
3, 555.07, 955.233, 854.549
4, 563.487, 960.43, 856.012
5, 573.148, 961.26, 853.566
6, 582.412, 963.766, 856.376
7, 592.078, 963.579, 858.933
8, 601.451, 966.695, 857.372
9, 610.111, 971.093, 859.751
10, 618.275, 975.64, 863.312
11, 619.474, 984.647, 859.134
12, 622.039, 989.019, 850.514
13, 621.261, 992.362, 841.122
14, 619.286, 989.032, 831.902
15, 615.529, 985.895, 823.182
16, 608.308, 982.571, 817.115
17, 602.788, 982.032, 808.793
18, 595.254, 981.226, 802.268
19, 591.544, 985.538, 794.043
20, 590.678, 986.471, 784.125
21, 588.526, 990.845, 775.394
22, 589.511, 990.411, 765.452
23, 593.848, 990.122, 756.446
24, 598.12, 990.839, 747.433
25, 603.661, 990.309, 739.125
26, 611.421, 986.854, 733.849
27, 620.811, 987.097, 730.418
28, 629.277, 984.809, 725.612
29, 628.039, 985.63, 715.723
30, 631.881, 983.088, 706.847
31, 636.307, 981.188, 698.084
32, 874.416, 757.744, 151.189
33, 868.416, 764.034, 146.245
34, 860.386, 768.075, 141.865
35, 852.061, 772.201, 138.168
36, 843.662, 777.531, 139.187
37, 842.563, 786.234, 134.387
38, 839.024, 792.611, 127.545
39, 839.46, 799.659, 120.464
40, 842.441, 803.534, 111.741
41, 842.881, 803.956, 101.76
42, 847.802, 803.724, 93.0572
43, 852.414, 801.871, 84.3799
44, 856.347, 799.18, 75.5884
45, 862.307, 793.829, 69.6014
46, 867.87, 786.392, 65.8943
47, 874.57, 778.97, 65.7117
48, 878.602, 772.168, 71.8327
49, 881.026, 763.752, 76.6598
50, 885.823, 755.012, 75.882
51, 892.559, 747.832, 77.633
52, 895.339, 738.298, 76.4583
53, 898.353, 732.928, 84.3376
54, 898.258, 733.004, 94.3369
55, 899.424, 731.747, 104.189
56, 900.083, 731.622, 114.166
57, 903.732, 726.487, 121.933
58, 908.437, 718.484, 125.65
59, 909.377, 708.629, 127.062
60, 911.712, 699.149, 129.225
61, 908.749, 689.616, 128.641
62, 903.477, 687.609, 120.384
63, 456.618, 343.211, 216.346
64, 456.289, 350.266, 223.425
65, 459.636, 356.239, 230.713
66, 461.314, 361.609, 238.981
67, 464.063, 367.656, 246.456
68, 464.5, 373.168, 254.788
69, 472.842, 377.532, 258.158
70, 482.097, 377.989, 261.919
71, 484.639, 379.081, 271.529
72, 481.993, 377.863, 281.095
73, 478.094, 372.944, 288.88
74, 477.224, 372.326, 298.823
75, 483.022, 379.66, 302.371
76, 486.459, 382.127, 311.432
77, 487.994, 383.77, 321.176
78, 491.778, 385.957, 330.17
79, 494.602, 386.809, 339.725
80, 491.246, 385.319, 349.027
81, 488.18, 385.474, 358.544
82, 485.869, 387.996, 367.941
83, 483.719, 395.443, 374.26
84, 483.738, 403.301, 380.444
85, 485.702, 408.651, 388.661
86, 488.059, 413.983, 396.786
87, 489.825, 414.441, 406.618
88, 492.727, 413.835, 416.168
89, 493.525, 413.917, 426.136
90, 497.113, 413.129, 435.437
91, 502.064, 411.345, 443.94
92, 505.794, 407.62, 452.438
93, 504.243, 400.487, 459.272
94, 200.323, 155.156, 673.36
95, 203.945, 159.65, 681.527
96, 205.435, 164.334, 690.236
97, 201.567, 161.995, 699.156
98, 201.743, 162.245, 709.151
99, 196.24, 158.39, 716.557
100, 195.127, 149.129, 720.164
101, 198.088, 140.374, 723.981
102, 197.454, 132.422, 730.013
103, 192.83, 130.944, 738.755
104, 194.763, 131.13, 748.565
105, 190.906, 129.057, 757.555
106, 182.99, 123.297, 759.596
107, 178.247, 123.714, 768.39
108, 178.617, 124.127, 778.374
109, 182.933, 129.932, 785.278
110, 191.015, 134.619, 788.846
111, 197.902, 141.218, 785.841
112, 204.209, 140.667, 793.581
113, 202.923, 139.961, 803.473
114, 210.41, 144.588, 808.22
115, 213.415, 150.508, 815.698
116, 214.609, 154.616, 824.737
117, 217.11, 157.821, 833.873
118, 221.491, 161.599, 842.03
119, 230.936, 160.292, 845.043
120, 240.884, 159.6, 844.299
121, 249.201, 163.449, 848.301
122, 253.338, 163.447, 857.405
123, 255.387, 163.45, 867.193
124, 254.763, 163.052, 877.165
125, 483.688, 309.946, 929.228
126, 481.801, 304.492, 921.061
127, 481.965, 304.881, 911.07
128, 482.055, 306.531, 901.207
129, 483.419, 299.324, 894.41
130, 485.404, 296.104, 885.153
131, 486.17, 293.133, 875.635
132, 490.996, 287.842, 868.656
133, 496.5, 280.425, 864.822
134, 505.133, 282.597, 860.266
135, 511.057, 288.97, 855.339
136, 518.304, 292.108, 849.204
137, 524.495, 299.571, 846.759
138, 531.655, 305.312, 842.786
139, 535.276, 311.327, 835.665
140, 535.56, 314.572, 826.211
141, 535.706, 310.932, 816.898
142, 537.705, 308.608, 807.38
143, 535.934, 308.812, 797.54
144, 532.33, 313.818, 789.669
145, 528.428, 319.628, 782.526
146, 526.851, 325.14, 774.333
147, 526.732, 325.327, 764.336
148, 527.335, 324.655, 754.376
149, 527.675, 324.44, 744.384
150, 525.974, 331.529, 737.54
151, 522.857, 338.401, 730.978
152, 521.466, 348.215, 729.655
153, 519.46, 357.9, 728.177
154, 520.539, 364.886, 721.104
155, 521.338, 372.79, 715.03
156, 245.827, 928.465, 4.05896
157, 245.481, 928.866, 14.0449
158, 240.02, 929.511, 22.3976
159, 240.337, 929.558, 32.3924
160, 240.519, 929.612, 42.3906
161, 241.162, 929.803, 52.3681
162, 240.442, 928.795, 62.2911
163, 247.259, 931.229, 69.1908
164, 255.792, 934.36, 73.3613
165, 264.794, 930.573, 75.5121
166, 273.99, 929.318, 71.7895
167, 283.394, 928.926, 68.4122
168, 290.728, 931.79, 62.2467
169, 296.368, 937.018, 55.8548
170, 304.169, 943.274, 55.9206
171, 311.311, 950.194, 54.8693
172, 317.691, 956.546, 59.2212
173, 326.025, 961.903, 57.8562
174, 332.523, 969.474, 58.5198
175, 339.147, 975.215, 63.3341
176, 342.204, 974.402, 72.8204
177, 348.602, 968.917, 78.2045
178, 357.102, 963.708, 78.9807
179, 366.04, 959.412, 77.6878
180, 375.198, 956.297, 75.1523
181, 378.527, 954.075, 65.9882
182, 383.429, 951.352, 57.7087
183, 390.58, 946.503, 52.6733
184, 397.673, 942.011, 58.1057
185, 407.237, 939.644, 56.3959
186, 416.784, 937.264, 54.609
187, 992.218, 52.0951, 697.501
188, 988.919, 58.4364, 690.507
189, 986.867, 61.9412, 681.369
190, 984.944, 67.2292, 673.102
191, 982.054, 70.4605, 664.091
192, 981.578, 73.6733, 654.633
193, 981.17, 76.583, 645.074
194, 981.812, 76.2012, 635.102
195, 981.718, 76.5242, 625.108
196, 981.842, 74.5643, 615.303
197, 981.574, 75.6726, 605.368
198, 982.245, 74.9772, 595.415
199, 982.352, 74.961, 585.415
200, 976.158, 74.0045, 577.623
201, 970.748, 72.9556, 569.279
202, 969.661, 72.9014, 559.338
203, 968.809, 71.475, 549.477
204, 968.552, 69.822, 539.618
205, 963.417, 66.6961, 531.626
206, 960.725, 62.9138, 522.769
207, 965.379, 66.1521, 514.532
208, 970.725, 73.4126, 510.207
209, 969.385, 82.2941, 505.811
210, 975.389, 88.4579, 500.716
211, 980.795, 90.5482, 492.566
212, 984.774, 91.2356, 483.418
213, 987.9, 92.5323, 474.008
214, 986.707, 92.3875, 464.081
215, 983.902, 93.6832, 454.57
216, 981.792, 94.1692, 444.807
217, 975.655, 99.7135, 439.186
218, 366.253, 404.279, 885.586
219, 365.576, 404.166, 875.61
220, 368.583, 404.079, 866.073
221, 371.592, 400.926, 857.072
222, 376.905, 396.718, 849.72
223, 379.019, 394.657, 840.165
224, 377.009, 397.485, 830.786
225, 373.733, 402.206, 822.602
226, 373.599, 401.267, 812.648
227, 375.664, 399.708, 802.988
228, 371.199, 400.33, 794.061
229, 370.493, 401.613, 784.169
230, 370.771, 399.383, 774.425
231, 370.56, 398.461, 764.47
232, 371.45, 400.674, 754.759
233, 373.585, 406.004, 746.571
234, 378.13, 412.992, 752.094
235, 378.269, 419.19, 759.941
236, 381.101, 421.05, 769.349
237, 381.939, 420.565, 779.302
238, 376.75, 420.561, 787.85
239, 374.616, 418.782, 797.457
240, 371.62, 418.43, 806.991
241, 369.286, 416.1, 816.431
242, 366.019, 411.997, 824.945
243, 363.121, 408.552, 833.874
244, 362.644, 411.043, 843.547
245, 362.501, 405.605, 851.938
246, 361.843, 397.837, 858.202
247, 367.861, 392.268, 863.926
248, 371.543, 390.577, 873.068
249, 986.572, 502.884, 783.898
250, 986.793, 503.799, 773.943
251, 986.872, 499.964, 764.708
252, 990.103, 493.412, 757.879
253, 988.555, 483.987, 754.919
254, 986.178, 480.478, 745.861
255, 981.169, 477.51, 737.731
256, 975.686, 472.189, 731.278
257, 971.043, 466.263, 724.697
258, 968.129, 464.546, 715.286
259, 964.397, 463.543, 706.063
260, 961.195, 462.95, 696.608
261, 953.463, 462.048, 690.33
262, 948.662, 460.577, 681.683
263, 939.804, 455.967, 681.146
264, 935.005, 447.195, 681.025
265, 929.12, 442.521, 687.622
266, 926.024, 437.071, 695.413
267, 926.92, 442.215, 703.942
268, 929.752, 447.553, 711.909
269, 933.701, 454.892, 717.436
270, 937.438, 464.166, 717.616
271, 935.903, 473.144, 713.489
272, 935.99, 482.978, 715.302
273, 931.974, 490.932, 710.762
274, 933.278, 494.528, 701.522
275, 936.208, 497.916, 692.582
276, 937.122, 499.687, 682.782
277, 944.669, 503.796, 677.667
278, 944.614, 510.541, 670.285
279, 939.232, 517.861, 666.107
280, 760.46, 714.957, 149.51
281, 754.874, 709.771, 143.037
282, 752.252, 706.986, 133.798
283, 751.075, 705.093, 124.049
284, 747.806, 700.014, 116.079
285, 747.833, 690.023, 115.672
286, 753.751, 681.964, 115.454
287, 759.388, 674.312, 118.562
288, 759.554, 673.056, 128.481
289, 767.369, 667.933, 132.043
290, 776.978, 665.174, 132.285
291, 786.787, 664.901, 130.357
292, 794.501, 665.917, 136.639
293, 803.769, 669.672, 136.665
294, 808.511, 661.553, 133.259
295, 814.356, 654.597, 129.081
296, 815.223, 651.308, 119.678
297, 813.96, 647.583, 110.484
298, 809.563, 642.891, 102.826
299, 801.041, 637.793, 101.643
300, 791.497, 634.982, 100.637
301, 784.578, 636.209, 93.5222
302, 785.586, 636.214, 83.573
303, 787.709, 636.015, 73.8031
304, 792.572, 636.448, 65.0761
305, 797.265, 637.835, 56.3554
306, 795.588, 636.672, 46.566
307, 795.998, 641.502, 37.8193
308, 796.043, 641.808, 27.8241
309, 796.875, 640.262, 17.9795
310, 797.003, 641.392, 8.04436
311, 430.25, 383.526, 441.42
312, 427.489, 387.042, 432.475
313, 422.164, 390.407, 424.708
314, 421.986, 391.009, 414.727
315, 420.108, 400.439, 411.98
316, 422.928, 409.817, 409.955
317, 430.802, 415.499, 412.348
318, 440.208, 416.028, 408.993
319, 445.786, 423.117, 404.676
320, 449.729, 432.221, 403.424
321, 459.532, 434.088, 402.773
322, 462.033, 435.15, 412.397
323, 460.564, 435.256, 422.288
324, 456.981, 428.829, 429.06
325, 457.08, 424.713, 438.173
326, 459.292, 419.423, 446.366
327, 462.717, 419.191, 455.758
328, 472.645, 418.401, 456.66
329, 480.542, 424.031, 454.224
330, 486.667, 426.281, 461.802
331, 491.177, 424.816, 470.606
332, 498.216, 425.836, 477.635
333, 500.902, 432.752, 484.339
334, 506.856, 440.442, 486.665
335, 515.832, 444.281, 488.834
336, 525.559, 446.6, 488.859
337, 532.679, 445.347, 495.768
338, 537.251, 444.252, 504.594
339, 541.107, 439.481, 512.491
340, 543.981, 433.725, 520.147
341, 549.943, 430.011, 527.265
342, 222.48, 918.058, 453.261
343, 214.276, 922.122, 457.284
344, 206.323, 917.726, 461.458
345, 199.083, 913.759, 467.101
346, 194.605, 904.937, 465.646
347, 195.45, 897.16, 459.417
348, 194.505, 891.973, 450.919
349, 195.528, 890.913, 441.028
350, 193.613, 892.591, 431.357
351, 192.55, 901.402, 426.75
352, 192.448, 908.187, 419.405
353, 193.829, 909.767, 409.627
354, 194.105, 910.302, 399.646
355, 194.873, 913.749, 390.29
356, 196.777, 918.194, 381.537
357, 198.199, 924.644, 374.029
358, 196.593, 923.592, 364.215
359, 190.184, 923.923, 356.546
360, 188.625, 925.012, 346.728
361, 189.624, 924.83, 336.78
362, 195.689, 921.341, 329.635
363, 200.011, 920.954, 320.626
364, 205.73, 916.959, 313.462
365, 212.771, 912.681, 307.794
366, 219.153, 910.54, 300.399
367, 226.545, 909.894, 293.695
368, 230.791, 908.38, 284.769
369, 231.788, 907.858, 274.832
370, 234.576, 906.868, 265.28
371, 240.655, 905.038, 257.554
372, 248.454, 901.291, 252.54
373, 376.72, 396.191, 429.212
374, 369.596, 392.896, 423.017
375, 365.835, 385.262, 417.766
376, 359.687, 377.782, 420.267
377, 359.592, 369.617, 414.496
378, 359.009, 359.805, 412.654
379, 349.946, 355.903, 411.028
380, 341.782, 350.201, 411.941
381, 334.792, 343.066, 412.428
382, 326.582, 342.904, 406.721
383, 318.736, 337.95, 402.993
384, 309.873, 342.58, 402.958
385, 300.05, 343.582, 404.541
386, 292.392, 337.151, 404.636
387, 285.222, 333.818, 398.515
388, 277.533, 332.369, 392.286
389, 274.98, 328.271, 383.529
390, 273.682, 332.026, 374.352
391, 273.584, 332.252, 364.356
392, 276.314, 328.895, 355.34
393, 275.364, 329.926, 345.439
394, 275.324, 330.145, 335.442
395, 274.486, 331.535, 325.574
396, 273.677, 333.939, 315.901
397, 274.313, 338.385, 306.966
398, 280.308, 341.144, 299.454
399, 287.344, 343.61, 292.788
400, 294.329, 349.407, 288.594
401, 299.071, 356.095, 282.868
402, 301.127, 362.635, 275.587
403, 299.387, 356.18, 268.15
404, 210.364, 839.808, 535.508
405, 203.501, 832.897, 537.773
406, 201.033, 824.565, 532.825
407, 202.137, 819.049, 524.557
408, 205.757, 810.042, 522.157
409, 203.709, 804, 514.456
410, 207.919, 795.387, 511.613
411, 210.79, 787.131, 506.755
412, 212.777, 778.697, 511.745
413, 216.8, 773.604, 519.354
414, 221.449, 770.641, 527.697
415, 222.96, 762.61, 533.461
416, 221.754, 753.316, 536.951
417, 221.846, 748.18, 545.53
418, 222.067, 741.408, 552.885
419, 220.634, 735.581, 560.884
420, 215.847, 729.789, 567.483
421, 215.274, 727.262, 577.141
422, 213.098, 720.61, 584.283
423, 210.252, 715.148, 592.161
424, 209.872, 705.527, 589.461
425, 208.107, 695.937, 591.679
426, 210.174, 686.282, 593.259
427, 211.938, 681.003, 584.951
428, 209.862, 684.895, 575.977
429, 207.9, 690.272, 567.777
430, 200.973, 696.15, 563.599
431, 192.048, 700.168, 565.65
432, 183.426, 696.696, 561.961
433, 173.655, 695.024, 560.643
434, 166.363, 690.219, 565.515
435, 430.128, 496.933, 370.312
436, 421.281, 500.646, 373.13
437, 413.5, 504.318, 378.227
438, 407.274, 509.873, 383.739
439, 402.683, 518.74, 383.206
440, 402.934, 524.67, 375.158
441, 401.161, 531.544, 368.115
442, 396.618, 539.096, 363.389
443, 397.336, 548.877, 361.436
444, 393.778, 554.596, 354.045
445, 390.61, 557.246, 344.937
446, 391.12, 555.739, 335.065
447, 394.645, 555.174, 325.724
448, 401.412, 550.78, 319.815
449, 410.272, 549.691, 315.309
450, 417.386, 544.565, 310.501
451, 423.209, 536.974, 307.59
452, 430.962, 532.78, 312.312
453, 435.648, 524.701, 315.884
454, 441.485, 517.878, 320.287
455, 444.329, 508.291, 320.348
456, 445.091, 498.92, 323.755
457, 450.924, 493.239, 329.56
458, 455.89, 496.57, 337.576
459, 461.373, 504.487, 340.268
460, 470.358, 507.849, 337.444
461, 472.921, 507.695, 347.108
462, 477.482, 506.917, 355.974
463, 484.184, 509.186, 363.04
464, 489.899, 504.972, 370.081
465, 498.461, 500.58, 372.802
466, 459.365, 773.858, 636.616
467, 459.401, 773.615, 626.619
468, 456.782, 765.562, 621.299
469, 452.914, 763.175, 612.392
470, 443.044, 762.806, 610.832
471, 434.72, 760.569, 615.902
472, 425.474, 761.264, 612.157
473, 415.949, 761.549, 615.191
474, 412.175, 765.865, 623.384
475, 406.676, 772.317, 628.689
476, 401.517, 775.514, 636.636
477, 400.701, 775.975, 646.592
478, 395.071, 773.942, 654.602
479, 388.663, 768.854, 660.352
480, 381.938, 762.789, 664.592
481, 376.234, 757.53, 670.901
482, 369.981, 752.198, 676.6
483, 361.732, 751.234, 682.171
484, 352.537, 754.988, 681.008
485, 352.946, 762.296, 687.822
486, 350.365, 767.348, 696.056
487, 345.957, 773.276, 702.797
488, 346.492, 778.976, 710.996
489, 347.073, 788.229, 714.743
490, 339.087, 793.482, 711.803
491, 333.848, 801.956, 710.944
492, 338.352, 809.95, 706.968
493, 347.483, 813.855, 705.798
494, 355.751, 819.403, 706.729
495, 363.16, 824.424, 702.269
496, 367.166, 833.519, 701.158
497, 782.586, 740.806, 376.659
498, 783.914, 733.577, 383.44
499, 786.937, 724.15, 382.025
500, 783.656, 715.567, 378.079
501, 788.938, 708.387, 373.546
502, 788.736, 704.563, 364.309
503, 787.905, 698.069, 356.749
504, 788.734, 694.585, 347.413
505, 787.6, 686.103, 342.239
506, 791.673, 677.901, 338.222
507, 791.915, 675.48, 328.523
508, 793.798, 670.786, 319.895
509, 791.305, 666.525, 311.199
510, 783.594, 662.399, 306.351
511, 783.371, 652.579, 304.475
512, 787.715, 644.055, 301.564
513, 792.763, 640.711, 293.606
514, 799.52, 640.575, 286.235
515, 809.183, 642.153, 284.201
516, 812.313, 639.729, 275.019
517, 813.362, 632.703, 267.981
518, 813.154, 627.59, 259.389
519, 811.444, 625.682, 249.722
520, 806.323, 621.878, 242.022
521, 802.647, 619.54, 233.02
522, 799.882, 613.958, 225.198
523, 800.527, 614.191, 215.221
524, 802.754, 615.599, 205.575
525, 804.157, 616.318, 195.7
526, 807.285, 619.646, 186.803
527, 811.223, 621.736, 177.853
528, 189.734, 146.55, 304.422
529, 193.083, 146.123, 295.009
530, 190.844, 146.93, 285.297
531, 190.137, 147.722, 275.353
532, 191.236, 145.669, 265.628
533, 192.411, 143.81, 255.873
534, 192.741, 143.214, 245.896
535, 192.662, 143.312, 235.897
536, 193.264, 142.318, 225.965
537, 198.08, 139.502, 217.666
538, 201.587, 138.76, 208.33
539, 201.194, 138.583, 198.34
540, 193.797, 137.405, 191.714
541, 188.893, 142.727, 184.812
542, 188.539, 143.03, 174.823
543, 190.183, 138.588, 166.016
544, 191.011, 141.11, 156.374
545, 191.05, 141.504, 146.382
546, 192.329, 144.042, 136.794
547, 195.207, 147.342, 127.804
548, 194.841, 145.853, 117.922
549, 190.131, 139.841, 111.468
550, 185.592, 134.679, 104.205
551, 184.94, 129.699, 95.5571
552, 178.364, 123.445, 91.3573
553, 168.576, 123.493, 93.4026
554, 160.232, 121.542, 98.5575
555, 152.228, 117.704, 103.163
556, 144.128, 118.926, 108.898
557, 135.527, 114.288, 106.771
558, 130.901, 112.143, 98.1687
559, 135.075, 918.241, 721.732
560, 140.684, 912.81, 727.981
561, 144.522, 907.812, 735.746
562, 149.323, 907.638, 744.516
563, 153.412, 907.541, 753.641
564, 149.663, 905.303, 762.638
565, 143.846, 907.255, 770.534
566, 138.947, 907.023, 779.249
567, 140.115, 908.176, 789.113
568, 139.63, 907.286, 799.062
569, 138.48, 906.267, 808.943
570, 137.772, 904.85, 818.817
571, 132.784, 907.527, 827.06
572, 132.508, 908.369, 837.021
573, 131.836, 909.974, 846.868
574, 131.377, 908.924, 856.802
575, 125.98, 902.529, 862.278
576, 123.413, 897.086, 870.264
577, 114.612, 893.124, 872.883
578, 106.127, 889.038, 869.522
579, 104.066, 879.605, 872.126
580, 102.306, 877.411, 881.722
581, 101.524, 877.827, 891.682
582, 98.3643, 875.202, 900.8
583, 88.6709, 873.467, 902.541
584, 78.7989, 872.284, 903.61
585, 72.0745, 865.894, 899.875
586, 67.9316, 857.428, 896.532
587, 63.4307, 852.757, 888.922
588, 59.7909, 849.486, 880.201
589, 58.9428, 844.951, 871.329
590, 788.171, 851.161, 788.965
591, 796.516, 847.763, 784.627
592, 804.588, 843.912, 780.154
593, 809.989, 844.273, 788.562
594, 815.522, 849.383, 795.141
595, 821.141, 847.867, 803.273
596, 826.646, 847.72, 811.619
597, 820.702, 847.233, 819.647
598, 820.499, 847.207, 829.645
599, 815.924, 851.148, 837.616
600, 813.122, 855.882, 845.967
601, 808.071, 862.947, 850.923
602, 802.104, 869.146, 856.021
603, 792.983, 868.948, 860.114
604, 784.296, 865.919, 864.034
605, 780.709, 858.434, 869.61
606, 775.415, 854.766, 877.261
607, 775.792, 855.346, 887.237
608, 778.967, 862.394, 893.581
609, 777.732, 871.546, 897.417
610, 774.196, 878.343, 903.843
611, 776.255, 880.537, 913.38
612, 776.155, 880.476, 923.379
613, 783.05, 876.176, 929.206
614, 789.465, 869.888, 933.602
615, 793.895, 861.348, 936.328
616, 799.494, 853.079, 935.801
617, 798.982, 845.512, 942.319
618, 800.166, 836.362, 946.175
619, 803.56, 828.784, 951.748
620, 812.535, 824.387, 951.402
621, 248.97, 146.031, 537.736
622, 254.463, 142.386, 530.217
623, 255.975, 140.707, 520.475
624, 256.801, 139.841, 510.547
625, 255.263, 143, 501.185
626, 253.143, 145.733, 491.802
627, 249.035, 149.521, 483.509
628, 247.776, 151.969, 473.895
629, 253.358, 151.012, 465.653
630, 255.577, 148.984, 456.116
631, 258.376, 140.162, 452.329
632, 259.653, 135.928, 443.359
633, 260.021, 133.318, 433.713
634, 261.272, 128.535, 425.021
635, 260.823, 121.133, 418.312
636, 259.12, 114.986, 410.61
637, 257.944, 113.314, 400.822
638, 257.96, 113.335, 390.822
639, 262.345, 117.155, 382.687
640, 263.418, 118.679, 372.862
641, 263.468, 118.767, 362.862
642, 265.922, 121.219, 353.483
643, 270.548, 129.875, 351.565
644, 271.709, 131.844, 361.3
645, 275.394, 137.153, 368.932
646, 279.772, 138.38, 377.838
647, 278.645, 137.784, 387.757
648, 277.044, 136.475, 397.541
649, 279.346, 138.244, 407.11
650, 283.223, 141.051, 415.89
651, 285.367, 144.192, 425.139
652, 631.489, 756.005, 876.553
653, 635.995, 754.543, 867.746
654, 639.99, 745.428, 866.765
655, 647.104, 741.646, 860.843
656, 651.3, 737.038, 853.022
657, 655.921, 732.697, 845.29
658, 665.482, 733.969, 842.648
659, 673.95, 732.698, 837.484
660, 683.28, 730.5, 834.632
661, 692.83, 733.416, 835.172
662, 701.821, 736.744, 832.329
663, 707.408, 745.031, 832.65
664, 713.323, 753.032, 831.648
665, 709.63, 762.033, 829.335
666, 705.78, 770.716, 832.463
667, 700.277, 778.819, 834.475
668, 697.711, 785.857, 841.099
669, 701.997, 791.019, 848.515
670, 704.071, 792.551, 858.177
671, 710.338, 791.586, 865.909
672, 720.093, 791.22, 863.739
673, 726.716, 791.879, 856.276
674, 730.869, 793.004, 847.249
675, 734.766, 795.401, 838.357
676, 742.712, 799.822, 834.195
677, 750.394, 802.119, 828.219
678, 755.395, 807.29, 821.273
679, 764.145, 811.217, 818.44
680, 772.512, 816.343, 820.37
681, 781.226, 821.112, 819.225
682, 786.849, 826.163, 825.773
683, 92.7763, 30.3659, 816.919
684, 100.186, 23.7065, 817.783
685, 108.669, 28.9209, 816.858
686, 118.607, 29.2043, 815.787
687, 123.892, 29.394, 807.3
688, 128.938, 30.9683, 798.81
689, 135.237, 37.654, 794.858
690, 137.217, 46.0481, 789.797
691, 138.354, 55.3117, 786.206
692, 134.205, 64.0655, 783.725
693, 129.547, 72.766, 785.34
694, 132.571, 82.2975, 785.264
695, 136.866, 91.1186, 787.197
696, 140.509, 100.184, 789.332
697, 143.023, 109.362, 792.405
698, 142.862, 115.8, 800.054
699, 142.494, 123.726, 806.141
700, 143.74, 125.717, 815.861
701, 142.287, 119.857, 823.833
702, 141.098, 118.3, 833.64
703, 140.996, 115.829, 843.329
704, 140.698, 116.434, 853.306
705, 141.714, 113.375, 862.772
706, 139.399, 105.684, 868.73
707, 140.326, 95.7701, 869.653
708, 137.028, 87.1025, 873.393
709, 137.445, 81.2088, 881.461
710, 137.208, 80.1758, 891.405
711, 139.81, 76.3382, 900.265
712, 136.826, 79.9728, 909.091
713, 130.295, 76.7275, 915.932
714, 340.587, 774.01, 608.844
715, 339.231, 765.089, 613.155
716, 344.963, 759.667, 619.299
717, 349.194, 753.966, 626.34
718, 356.729, 749.625, 631.279
719, 364.45, 744.174, 634.546
720, 372.082, 738.261, 637.152
721, 378.917, 732.392, 641.492
722, 382.812, 727.177, 649.083
723, 382.372, 728.566, 658.977
724, 382.246, 735.464, 666.216
725, 381.978, 740.617, 674.782
726, 383.857, 749.07, 679.783
727, 385.683, 758.636, 682.057
728, 383.207, 768.173, 683.765
729, 389.697, 775.78, 683.631
730, 395.959, 783.545, 684.329
731, 402.613, 790.402, 687.279
732, 411.59, 792.825, 690.959
733, 420.104, 790.626, 695.721
734, 427.254, 787.929, 702.171
735, 437.068, 787.768, 704.083
736, 445.299, 791.831, 708.051
737, 451.688, 798.267, 712.266
738, 451.031, 808.189, 713.326
739, 448.649, 817.899, 713.522
740, 452.344, 826.404, 717.266
741, 452.218, 835.601, 721.192
742, 451.402, 840.792, 729.7
743, 455.788, 847.76, 735.375
744, 463.919, 853.511, 736.271
745, 599.719, 853.847, 975.341
746, 601.518, 862.218, 980.507
747, 599.422, 868.392, 988.089
748, 592.888, 874.941, 991.886
749, 586.673, 874.396, 999.701
750, 579.899, 867.04, 999.8
751, 575.984, 863.052, 991.508
752, 574.382, 857.601, 983.279
753, 574.454, 856.968, 973.299
754, 573.504, 852.601, 964.353
755, 576.661, 846.308, 957.252
756, 570.797, 839.913, 952.28
757, 570.937, 834.661, 943.771
758, 571.799, 831.81, 934.225
759, 575.951, 823.905, 929.724
760, 581.64, 815.733, 930.648
761, 577.324, 806.973, 928.494
762, 575.601, 797.305, 926.605
763, 577.316, 792.576, 917.962
764, 580.942, 788.441, 909.611
765, 585.003, 780.383, 905.301
766, 589.925, 777.157, 897.216
767, 594.427, 774.531, 888.682
768, 594.055, 774.997, 878.699
769, 593.824, 776.129, 868.766
770, 592.96, 779.971, 859.574
771, 593.542, 783.576, 850.265
772, 593.546, 785.865, 840.53
773, 596.687, 779.379, 833.598
774, 601.226, 771.477, 829.48
775, 601.592, 769.148, 819.762
776, 124.79, 909.299, 547.044
777, 131.421, 907.44, 539.793
778, 139.437, 908.736, 533.957
779, 141.412, 907.925, 524.188
780, 141.333, 907.921, 514.188
781, 139.636, 904.301, 505.022
782, 140.251, 899.926, 496.051
783, 140.068, 900.294, 486.059
784, 133.985, 906.313, 480.886
785, 130.835, 912.778, 473.937
786, 131.02, 912.625, 463.94
787, 129.817, 915.532, 454.448
788, 132.1, 923.804, 449.313
789, 134.256, 933.483, 450.604
790, 143.046, 932.427, 455.254
791, 148.766, 931.291, 463.377
792, 149.421, 931.419, 473.355
793, 148.921, 931.164, 483.339
794, 147.92, 929.968, 493.217
795, 147.677, 925.939, 502.366
796, 149.564, 924.044, 512.002
797, 149.828, 920.363, 521.296
798, 148.936, 916.838, 530.611
799, 147.926, 914.888, 540.367
800, 147.734, 915.722, 550.33
801, 147.77, 917.56, 560.16
802, 149.56, 922.665, 568.57
803, 151.132, 931.494, 572.995
804, 155.763, 940.312, 573.891
805, 153.994, 950.115, 574.76
806, 153.507, 959.818, 572.39
807, 912.992, 64.8518, 674.795
808, 913.599, 65.3777, 684.762
809, 918.616, 70.0356, 692.051
810, 921.565, 69.897, 701.606
811, 926.743, 74.1218, 709.045
812, 919.673, 71.2502, 715.507
813, 915.873, 69.4706, 724.585
814, 910.515, 64.6084, 731.487
815, 909.602, 64.3448, 741.442
816, 914.325, 64.6771, 750.25
817, 918.335, 72.0826, 755.642
818, 921.052, 78.8231, 762.512
819, 918.955, 88.3119, 764.871
820, 918.208, 95.7453, 771.518
821, 922.348, 104.78, 772.626
822, 928.495, 111.559, 768.593
823, 933.389, 119.045, 764.12
824, 942.095, 123.901, 764.909
825, 946.268, 130.186, 771.473
826, 944.604, 134.944, 780.109
827, 940.949, 138.687, 788.632
828, 934.988, 143.656, 794.938
829, 932.983, 152.39, 799.378
830, 931.353, 156.101, 808.519
831, 933.945, 159.819, 817.433
832, 941.801, 163.855, 822.122
833, 950.143, 166.777, 826.799
834, 956.609, 167.747, 834.366
835, 960.893, 166.947, 843.366
836, 960.863, 166.934, 853.366
837, 961.866, 171.059, 862.42
838, 659.017, 29.5419, 186.438
839, 655.089, 21.2762, 182.406
840, 646.664, 21.0208, 177.026
841, 638.021, 16.3474, 178.887
842, 630.133, 13.0754, 184.089
843, 621.81, 11.5028, 189.405
844, 614.584, 14.1547, 195.788
845, 608.911, 13.4445, 203.993
846, 602.254, 14.7681, 211.337
847, 603.008, 14.3467, 221.299
848, 606.104, 15.1056, 230.778
849, 609.352, 15.9765, 240.195
850, 609.236, 15.8328, 250.193
851, 603.288, 11.9529, 257.233
852, 595.675, 18.4291, 256.915
853, 590.536, 24.5022, 262.973
854, 585.942, 27.1282, 271.459
855, 583.128, 27.3485, 281.052
856, 580.459, 29.2181, 290.506
857, 580.657, 29.1893, 300.504
858, 579.828, 29.5989, 310.461
859, 585.941, 28.8334, 318.339
860, 586.703, 29.0714, 328.307
861, 589.135, 33.5557, 336.907
862, 593.932, 38.5176, 344.144
863, 593.872, 48.4472, 342.962
864, 596.518, 57.0682, 338.64
865, 602.576, 63.8077, 342.869
866, 603.933, 67.9603, 351.864
867, 603.438, 66.7216, 361.775
868, 603.968, 68.3878, 371.621
869, 579.76, 920.621, 980.743
870, 577.83, 921.576, 970.977
871, 572.462, 923.163, 962.691
872, 564.328, 923.075, 956.875
873, 554.791, 924.249, 954.106
874, 548.517, 923.765, 946.334
875, 539.286, 925.212, 942.769
876, 532.211, 920.511, 937.493
877, 525.784, 913.329, 934.825
878, 522.163, 908.979, 926.581
879, 519.914, 903.854, 918.294
880, 517.435, 899.777, 909.506
881, 515.426, 893.903, 901.666
882, 512.988, 884.729, 898.523
883, 506.593, 877.045, 898.796
884, 503.096, 874.511, 907.815
885, 502.659, 874.14, 917.799
886, 502.823, 874.192, 927.797
887, 500.923, 871.531, 937.248
888, 501.842, 871.378, 947.204
889, 502.635, 872.03, 957.151
890, 504.819, 874.073, 966.694
891, 501.746, 869.901, 975.246
892, 496.126, 862.462, 978.863
893, 490.307, 857.461, 985.277
894, 482.659, 852.99, 989.916
895, 477.471, 844.808, 992.393
896, 470.064, 838.099, 992.747
897, 473.349, 828.69, 993.574
898, 478.979, 820.481, 994.531
899, 478.738, 810.537, 993.501
900, 927.335, 976.806, 132.328
901, 930.237, 985.455, 136.424
902, 929.745, 992.345, 143.655
903, 930.012, 991.452, 153.611
904, 927.696, 988.269, 162.804
905, 920.178, 983.791, 167.645
906, 916.46, 981.935, 176.74
907, 909.928, 981.049, 184.26
908, 901.539, 977.52, 188.403
909, 899.486, 974.738, 197.787
910, 895.527, 973.831, 206.925
911, 897.215, 975.053, 216.705
912, 902.196, 975.808, 225.343
913, 905.979, 975.851, 234.6
914, 912.939, 972.964, 241.174
915, 918.849, 972.965, 249.241
916, 923.01, 972.33, 258.312
917, 923.729, 972.717, 268.279
918, 922.82, 972.193, 278.223
919, 919.834, 969.789, 287.459
920, 913.344, 964.412, 292.842
921, 909.374, 965.276, 301.98
922, 900.158, 963.385, 305.371
923, 891.531, 959.922, 301.687
924, 885.071, 955.901, 295.198
925, 880.696, 956.106, 286.208
926, 879.779, 953.624, 276.564
927, 880.317, 953.729, 266.579
928, 880.324, 953.741, 256.579
929, 879.368, 950.074, 247.325
930, 879.791, 950.925, 237.37
